model: emnist_classifier
accuracy: 0.9087162017822266
precision: 0.6720264426368481
recall: 0.6651442307692308
f1_score: 0.6683367769999662
confusion_matrix: [[734, 1, 3, 7, 2, 1, 7, 3, 0, 0, 3, 0, 0, 5, 5, 6, 14, 0, 0, 1, 2, 0, 0, 0, 0, 6], [2, 754, 0, 5, 3, 0, 10, 13, 0, 1, 0, 3, 0, 1, 2, 0, 1, 2, 0, 0, 0, 0, 0, 1, 0, 2], [0, 0, 765, 1, 16, 0, 0, 0, 0, 0, 0, 6, 0, 0, 4, 0, 1, 3, 0, 2, 1, 0, 1, 0, 0, 0], [4, 7, 0, 735, 0, 0, 1, 2, 0, 3, 0, 1, 0, 3, 30, 5, 1, 1, 0, 0, 4, 1, 1, 0, 0, 1], [2, 4, 15, 0, 761, 1, 0, 0, 1, 1, 0, 2, 0, 0, 2, 1, 0, 2, 1, 3, 1, 0, 0, 1, 0, 2], [0, 0, 0, 3, 2, 740, 4, 0, 1, 0, 0, 1, 0, 0, 0, 19, 1, 4, 2, 22, 0, 0, 0, 0, 1, 0], [19, 20, 9, 1, 1, 2, 604, 2, 0, 2, 0, 0, 0, 1, 2, 1, 121, 1, 9, 0, 1, 0, 0, 1, 3, 0], [1, 3, 0, 0, 0, 0, 1, 760, 0, 0, 3, 10, 4, 12, 0, 0, 0, 2, 0, 0, 2, 0, 1, 1, 0, 0], [0, 0, 1, 0, 1, 2, 1, 0, 601, 7, 1, 178, 0, 0, 0, 0, 0, 1, 1, 1, 0, 1, 1, 1, 0, 2], [1, 2, 0, 3, 0, 0, 4, 0, 24, 745, 0, 3, 0, 0, 0, 0, 1, 0, 5, 8, 0, 1, 0, 2, 1, 0], [1, 3, 1, 0, 2, 2, 0, 15, 0, 1, 743, 6, 2, 1, 0, 0, 0, 3, 0, 3, 1, 1, 2, 10, 2, 1], [0, 2, 6, 0, 0, 0, 0, 5, 155, 0, 0, 627, 0, 0, 1, 0, 1, 0, 0, 0, 0, 0, 0, 0, 3, 0], [0, 0, 0, 0, 0, 0, 1, 2, 0, 0, 1, 0, 780, 9, 0, 0, 0, 1, 0, 1, 2, 0, 2, 0, 1, 0], [7, 0, 0, 3, 0, 0, 0, 11, 0, 1, 2, 0, 12, 748, 1, 0, 0, 4, 0, 0, 0, 2, 4, 5, 0, 0], [1, 0, 1, 12, 0, 0, 0, 0, 0, 0, 0, 0, 0, 1, 778, 1, 2, 0, 1, 0, 2, 1, 0, 0, 0, 0], [0, 0, 0, 6, 1, 4, 0, 0, 0, 0, 0, 0, 1, 0, 1, 779, 5, 3, 0, 0, 0, 0, 0, 0, 0, 0], [28, 2, 0, 2, 3, 3, 71, 0, 3, 0, 0, 0, 0, 1, 11, 2, 663, 1, 1, 2, 1, 0, 1, 0, 4, 1], [10, 4, 1, 0, 1, 3, 0, 0, 1, 0, 4, 1, 0, 2, 0, 3, 0, 746, 1, 6, 0, 8, 0, 1, 4, 4], [0, 0, 0, 0, 0, 0, 7, 1, 0, 6, 0, 0, 0, 0, 0, 0, 0, 0, 386, 0, 0, 0, 0, 0, 0, 0], [0, 0, 0, 0, 0, 0, 0, 0, 0, 0, 0, 0, 0, 0, 0, 0, 0, 0, 0, 0, 0, 0, 0, 0, 0, 0], [0, 0, 0, 0, 0, 0, 0, 0, 0, 0, 0, 0, 0, 0, 0, 0, 0, 0, 0, 0, 0, 0, 0, 0, 0, 0], [0, 0, 0, 0, 0, 0, 0, 0, 0, 0, 0, 0, 0, 0, 0, 0, 0, 0, 0, 0, 0, 0, 0, 0, 0, 0], [0, 0, 0, 0, 0, 0, 0, 0, 0, 0, 0, 0, 0, 0, 0, 0, 0, 0, 0, 0, 0, 0, 0, 0, 0, 0], [0, 0, 0, 0, 0, 0, 0, 0, 0, 0, 0, 0, 0, 0, 0, 0, 0, 0, 0, 0, 0, 0, 0, 0, 0, 0], [0, 0, 0, 0, 0, 0, 0, 0, 0, 0, 0, 0, 0, 0, 0, 0, 0, 0, 0, 0, 0, 0, 0, 0, 0, 0], [0, 0, 0, 0, 0, 0, 0, 0, 0, 0, 0, 0, 0, 0, 0, 0, 0, 0, 0, 0, 0, 0, 0, 0, 0, 0]]
----
